> jj <- compositions(30,5)
> f <- function(x){sum(x*c(1,2,4,5,17))}
> o <- apply(jj,2,f)==200
> dim(jj[,o])
[1]   5 171
> summary(as.partition(jj[,o]))
                                                                    
[1,] 0  0  1  0  1  0  2  1  0  0  ... 14 13 10 12 14 16 13 15 17 16
[2,] 0  1  0  2  1  3  0  2  0  1  ... 0  2  10 7  4  1  6  3  0  2 
[3,] 10 7  6  4  3  1  2  0  22 19 ... 2  0  0  1  2  3  0  1  2  0 
[4,] 15 17 18 19 20 21 21 22 2  4  ... 5  6  0  0  0  0  1  1  1  2 
[5,] 5  5  5  5  5  5  5  5  6  6  ... 9  9  10 10 10 10 10 10 10 10
> 
